l    156   83    0    0    0  196  123  
l    290  105  255    0  255  330  145  
o    367   90  255  204    0   40   20  
p    246  168  255    0  255  
p    276  152  255    0  255  
l    121  192  255    0  255  161  232  
p    418  203  255    0  255  
p    478  177  255    0  255  
o    590  120  255    0  255   40   20  
l    289  285  255    0  255  329  325  
l     81  234    0    0  255  121  274  
c    441  322  255    0    0   30  
c    131  333  255    0    0   30  
c    148  303  255    0    0   30  
c    525  231  255    0    0   30  
c    112  125    0  102   51   30  
c    318  211   51   51  255   30  
c    295  379  255  204    0   30  
c    595  388  255  204    0   30  
